0.0 0.0 0.0 0.0 0.0 0.0 0.0 0.0 0.0 0.0 0.0 0.0 0.0 0.0 0.0 0.0 0.0 0.0 0.0 0.0 0.0 0.0 0.0 0.0 0.0 0.0 0.0 0.0 0.0 0.0 0.0 0.0 0.0 0.0 0.4051094890510949 0.5 0.0 0.0 0.0 0.0 0.0 0.0 0.0 0.0 1.0 0.5474452554744526 0.0 0.0 0.0 0.0 0.0 0.0 0.0 0.0 0.30656934306569344 0.583941605839416 0.0 0.0 0.0 0.0 0.0 0.0 0.0 0.0 0.010948905109489052 0.781021897810219 0.0 0.0 0.0 0.0 0.0 0.0 0.0 0.0 0.0 0.05474452554744526 0.0 0.0 0.0 0.0 0.0 0.0 0.0 0.0 0.0 0.0 0.0 0.0 0.0 0.0 0.0 0.0 0.0 0.0 0.0 0.0 0.0 0.0 0.0 0.0 1
0.0 0.0 0.0 0.0 0.0 0.0 0.0 0.0 0.0 0.0 0.0 0.0 0.0 0.0 0.0 0.0 0.0 0.0 0.0 0.0 0.0 0.0 0.0 0.0 0.0 0.0 0.0 0.0 0.0 0.0 0.0 0.0 0.0 0.0 0.14166666666666666 0.425 0.0 0.0 0.0 0.0 0.0 0.0 0.0 0.0 1.0 0.05277777777777778 0.0 0.0 0.0 0.0 0.0 0.0 0.0 0.08888888888888889 0.8611111111111112 0.0 0.0 0.0 0.0 0.0 0.0 0.0 0.0 0.0 0.6055555555555555 0.0 0.0 0.0 0.0 0.0 0.0 0.0 0.0 0.0 0.125 0.0 0.0 0.0 0.0 0.0 0.0 0.0 0.0 0.0 0.0 0.0 0.0 0.0 0.0 0.0 0.0 0.0 0.0 0.0 0.0 0.0 0.0 0.0 0.0 0.0 1
0.0 0.0 0.0 0.0 0.0 0.0 0.0 0.0 0.0 0.0 0.0 0.0 0.0 0.0 0.0 0.0 0.0 0.0 0.0 0.0 0.0 0.0 0.0 0.0 0.360381861575179 0.09069212410501193 0.0 0.0 0.0 0.0 0.0 0.0 0.0 0.0 0.9403341288782816 0.00954653937947494 0.0 0.0 0.0 0.0 0.0 0.0 0.0 0.1026252983293556 1.0 0.0 0.0 0.0 0.0 0.0 0.0 0.0 0.0 0.16945107398568018 0.5059665871121718 0.0 0.0 0.0 0.0 0.0 0.0 0.0 0.0 0.0 0.5011933174224343 0.0 0.0 0.0 0.0 0.0 0.0 0.0 0.0 0.0 0.3031026252983294 0.0 0.0 0.0 0.0 0.0 0.0 0.0 0.0 0.0 0.0 0.0 0.0 0.0 0.0 0.0 0.0 0.0 0.0 0.0 0.0 0.0 0.0 0.0 0.0 0.0 1
0.0 0.0 0.0 0.0 0.0 0.0 0.0 0.0 0.0 0.0 0.0 0.0 0.0 0.0 0.0 0.0 0.0 0.0 0.0 0.0 0.0 0.0 0.0 0.0 0.0 0.44936708860759494 0.0 0.0 0.0 0.0 0.0 0.0 0.0 0.0 0.3639240506329114 0.9651898734177216 0.0 0.0 0.0 0.0 0.0 0.0 0.0 0.0031645569620253164 1.0 0.45569620253164556 0.0 0.0 0.0 0.0 0.0 0.0 0.0 0.14240506329113925 0.629746835443038 0.16139240506329114 0.0 0.0 0.0 0.0 0.0 0.0 0.0 0.0 0.6930379746835443 0.0 0.0 0.0 0.0 0.0 0.0 0.0 0.0 0.0 0.5158227848101266 0.0 0.0 0.0 0.0 0.0 0.0 0.0 0.0 0.0 0.0 0.0 0.0 0.0 0.0 0.0 0.0 0.0 0.0 0.0 0.0 0.0 0.0 0.0 0.0 0.0 1
0.0 0.0 0.0 0.0 0.0 0.0 0.0 0.0 0.0 0.0 0.0 0.0 0.0 0.0 0.0 0.0 0.0 0.0 0.0 0.0 0.0 0.0 0.0 0.0 0.0 0.0 0.0 0.0 0.0 0.0 0.0 0.0 0.0 0.0 0.0547945205479452 0.6301369863013698 0.0 0.0 0.0 0.0 0.0 0.0 0.0 0.0 0.863013698630137 1.0 0.0 0.0 0.0 0.0 0.0 0.0 0.0 0.0 0.7990867579908676 0.958904109589041 0.0 0.0 0.0 0.0 0.0 0.0 0.0 0.0 0.0 0.7397260273972602 0.0 0.0 0.0 0.0 0.0 0.0 0.0 0.0 0.0 0.0 0.0 0.0 0.0 0.0 0.0 0.0 0.0 0.0 0.0 0.0 0.0 0.0 0.0 0.0 0.0 0.0 0.0 0.0 0.0 0.0 0.0 0.0 0.0 0.0 1
0.0 0.0 0.0 0.0 0.0 0.0 0.0 0.0 0.0 0.0 0.0 0.0 0.0 0.0 0.0 0.0 0.0 0.0 0.0 0.0 0.0 0.0 0.0 0.0 0.17982456140350878 0.0043859649122807015 0.0 0.0 0.0 0.0 0.0 0.0 0.0 0.7192982456140351 1.0 0.6622807017543859 0.0 0.0 0.0 0.0 0.0 0.0 0.0 0.09649122807017543 0.6359649122807017 0.45614035087719296 0.0 0.0 0.0 0.0 0.0 0.0 0.0 0.13596491228070176 1.0 0.0 0.0 0.0 0.0 0.0 0.0 0.0 0.0 1.0 0.02631578947368421 0.0 0.0 0.0 0.0 0.0 0.0 0.0 0.0 0.5394736842105263 0.9254385964912281 0.6578947368421053 0.0 0.0 0.0 0.0 0.0 0.0 0.0 0.0 0.0 0.0 0.0 0.0 0.0 0.0 0.0 0.0 0.0 0.0 0.0 0.0 0.0 0.0 0.0 0.0 2
0.0 0.0 0.0 0.0 0.0 0.0 0.0 0.0 0.0 0.0 0.0 0.0 0.0 0.0 0.0 0.0 0.0 0.0 0.0 0.0 0.0 0.0 0.0 0.0 0.0 0.0 0.0 0.0 0.0 0.0 0.0 0.0 0.0 0.5613382899628253 0.8438661710037175 0.48698884758364314 0.0 0.0 0.0 0.0 0.0 0.0 0.0 0.0 0.022304832713754646 0.8215613382899628 0.0 0.0 0.0 0.0 0.0 0.0 0.0 0.0 1.0 0.08550185873605948 0.0 0.0 0.0 0.0 0.0 0.0 0.0 0.4200743494423792 0.4275092936802974 0.0 0.0 0.0 0.0 0.0 0.0 0.0 0.0 0.3345724907063197 0.7806691449814126 0.3680297397769517 0.0 0.0 0.0 0.0 0.0 0.0 0.0 0.0 0.0 0.0 0.0 0.0 0.0 0.0 0.0 0.0 0.0 0.0 0.0 0.0 0.0 0.0 0.0 0.0 2
0.0 0.0 0.0 0.0 0.0 0.0 0.0 0.0 0.0 0.0 0.0 0.0 0.0 0.0 0.0 0.0 0.0 0.0 0.0 0.0 0.0 0.0 0.0 0.0 0.0 0.0 0.0 0.0 0.0 0.0 0.0 0.0 0.0 0.03614457831325301 0.9879518072289156 0.6706827309236948 0.0 0.0 0.0 0.0 0.0 0.0 0.0 0.03614457831325301 0.12048192771084337 0.8995983935742972 0.0 0.0 0.0 0.0 0.0 0.0 0.0 0.0 0.9437751004016064 0.05220883534136546 0.0 0.0 0.0 0.0 0.0 0.0 0.0 0.21686746987951808 1.0 0.6144578313253012 0.0 0.0 0.0 0.0 0.0 0.0 0.0 0.1566265060240964 0.6024096385542169 0.21285140562248997 0.0 0.0 0.0 0.0 0.0 0.0 0.0 0.0 0.0 0.0 0.0 0.0 0.0 0.0 0.0 0.0 0.0 0.0 0.0 0.0 0.0 0.0 0.0 0.0 2
0.0 0.0 0.0 0.0 0.0 0.0 0.0 0.0 0.0 0.0 0.0 0.0 0.0 0.0 0.0 0.0 0.0 0.0 0.0 0.0 0.0 0.0 0.0 0.6360153256704981 0.8467432950191571 0.9616858237547893 0.0 0.0 0.0 0.0 0.0 0.0 0.0 0.47126436781609193 0.0 0.8697318007662835 0.0 0.0 0.0 0.0 0.0 0.0 0.0 0.0 0.3103448275862069 0.6819923371647509 0.0 0.0 0.0 0.0 0.0 0.0 0.0 0.007662835249042145 1.0 0.0 0.0 0.0 0.0 0.0 0.0 0.0 0.0 0.7854406130268199 0.5517241379310345 0.6896551724137931 0.14559386973180077 0.0 0.0 0.0 0.0 0.0 0.0 0.2567049808429119 0.4559386973180077 0.11494252873563218 0.019157088122605363 0.0 0.0 0.0 0.0 0.0 0.0 0.0 0.0 0.0 0.0 0.0 0.0 0.0 0.0 0.0 0.0 0.0 0.0 0.0 0.0 0.0 0.0 0.0 2
0.0 0.0 0.0 0.0 0.0 0.0 0.0 0.0 0.0 0.0 0.0 0.0 0.0 0.0 0.0 0.0 0.0 0.0 0.0 0.0 0.0 0.0 0.0 0.5473251028806584 0.9259259259259259 0.823045267489712 0.0 0.0 0.0 0.0 0.0 0.0 0.0 0.18930041152263374 0.0 0.9382716049382716 0.0 0.0 0.0 0.0 0.0 0.0 0.0 0.0 0.4773662551440329 0.7242798353909465 0.0 0.0 0.0 0.0 0.0 0.0 0.0 0.00411522633744856 1.0 0.0 0.0 0.0 0.0 0.0 0.0 0.0 0.0 0.6831275720164609 0.46502057613168724 0.12757201646090535 0.0 0.0 0.0 0.0 0.0 0.0 0.0 0.448559670781893 0.7325102880658436 0.7366255144032922 0.0 0.0 0.0 0.0 0.0 0.0 0.0 0.0 0.0 0.0 0.0 0.0 0.0 0.0 0.0 0.0 0.0 0.0 0.0 0.0 0.0 0.0 0.0 0.0 2
0.0 0.0 0.0 0.0 0.0 0.0 0.0 0.0 0.0 0.0 0.0 0.0 0.0 0.0 0.0 0.0 0.0 0.0 0.0 0.0 0.0 0.0 0.0 0.0 0.6518987341772152 0.0 0.0 0.0 0.0 0.0 0.0 0.0 0.0 0.11708860759493671 1.0 0.0 0.0 0.0 0.0 0.0 0.0 0.0 0.0 0.7373417721518988 0.6993670886075949 0.0 0.0 0.0 0.0 0.0 0.0 0.0 0.0 0.056962025316455694 0.629746835443038 0.0 0.0 0.0 0.0 0.0 0.0 0.0 0.0 0.21835443037974683 0.4525316455696203 0.0 0.0 0.0 0.0 0.0 0.0 0.0 0.0 0.11392405063291139 0.1550632911392405 0.0 0.0 0.0 0.0 0.0 0.0 0.0 0.0 0.0 0.0 0.0 0.0 0.0 0.0 0.0 0.0 0.0 0.0 0.0 0.0 0.0 0.0 0.0 0.0 0.0 1
